2.2.4.1
2.2.4.1
Center Values [[-0.20516279  0.06835557  0.15022479 -0.53824598 -0.11632384  0.15708309
   0.29656208  0.36517414 -0.23414211  0.02016328 -0.14786376  0.26420456
  -0.24685612  0.32948512 -0.19330138  0.02526652  0.45987627 -0.09312936
   0.15594114  0.22227515 -0.38749531  0.31867334 -0.13240144  0.51995897
  -0.22194728  0.37617177 -0.32409588 -0.03731926  0.24917763 -0.40429738
   0.18400551  0.0365886  -0.15185377 -0.33004156 -0.17092818  0.31711274
   0.14064148  0.52331096  0.44018996  0.25029781  0.08638202 -0.11734533
   0.01674408  0.2764529  -0.14308098  0.1441516  -0.22956063 -0.37426332
  -0.15841337  0.15733303 -0.43085527 -0.33179137  0.05851861  0.26919883
   0.04506731  0.28968495 -0.32511383 -0.1506847   0.23902601 -0.0791101
   0.38972709  0.17880034  0.48224342 -0.32616132  0.18696798 -0.16857961
  -0.27686787 -0.49128848  0.3435784  -0.43816507 -0.3209618   0.39282894
   0.34039572 -0.37134993  0.10143182  0.18824315 -0.6019665  -0.06184873
   0.27764317  0.13583671  0.39855632 -0.18131812 -0.45812073  0.17242856
  -0.31513008 -0.14489225 -0.39541614 -0.14340159 -0.44433406  0.37902957
  -0.09100191 -0.14061578  0.48857036  0.50037628 -0.1517511  -0.1488955
  -0.3678439  -0.15934883  0.08425034  0.37181309]
 [ 0.52132493 -0.14517063 -0.36476928  1.2653662   0.2665866  -0.32390276
  -0.67275453 -0.82520837  0.55686176 -0.07691775  0.28687596 -0.60802275
   0.59721756 -0.76931405  0.42880839 -0.0063379  -1.0593189   0.2299096
  -0.32274169 -0.52036995  0.91309071 -0.71092373  0.29901922 -1.20220685
   0.48659354 -0.85336185  0.72453034  0.08462588 -0.58887631  0.93834543
  -0.38793448 -0.1091786   0.33422816  0.79997343  0.40043432 -0.76793545
  -0.29387212 -1.23513317 -1.06067157 -0.57381338 -0.23794419  0.24269894
  -0.0436613  -0.64198411  0.29203206 -0.34854686  0.49227473  0.88285995
   0.32811877 -0.3471601   0.98185641  0.75474447 -0.16775216 -0.64350426
  -0.07084577 -0.67303163  0.78420854  0.3710255  -0.51030701  0.21955405
  -0.87210637 -0.46391055 -1.13465989  0.73071456 -0.40029734  0.39017406
   0.66491479  1.15378296 -0.82650936  1.01672196  0.76456058 -0.91998768
  -0.79962003  0.85635251 -0.18537268 -0.40717694  1.39757776  0.12100288
  -0.61731058 -0.29290196 -0.91935378  0.39541674  1.05073702 -0.37401763
   0.75545686  0.29708543  0.93833411  0.32552502  1.04737175 -0.92533451
   0.19245178  0.31257474 -1.11036205 -1.16436779  0.31433555  0.37518275
   0.8442958   0.3839018  -0.1932023  -0.87883186]]
K:  2
Iter:  200
Train Assignments To Classes: [4696 1971]
Train Percentage Assignment To Classes: [ 0.70436478  0.29563522]
Valid Assignments To Classes: [2304 1029]
Valid Percentage Assignment To Classes: [ 0.69126913  0.30873087]
2.2.4.1
Center Values [[ 0.07297293 -1.1627841  -0.75908464  0.15961047  1.4320991  -1.08767319
   1.08345795  0.29734102 -1.13107228 -0.93930042 -0.56116426 -1.19274259
   0.73706275  1.73907411 -0.76642323  0.50875473  1.53238344 -1.22830904
  -0.30548826 -0.16173793 -1.44677806 -0.00387997  1.23386967  0.68042988
  -0.1581943   1.24295938 -0.64683849 -0.15044953  0.27343887 -0.50509685
   0.1274308  -1.08505869  1.52953172 -0.00779906  1.37490964  1.29835546
   0.12663427  0.31358305  1.19753623  1.51898015  1.39193773 -0.90500128
  -0.59756911  1.83666646 -0.17896061 -0.18691009  0.3118864  -0.14766237
   0.14104179  1.61558759 -1.01268971  0.85795999  1.3449378   0.69242036
   1.08975196 -1.04354525 -1.02833605 -1.7214818  -0.11268503 -0.25910705
   0.19887342  0.4304682   0.76054001  0.88213313  0.35605872  1.58436823
   0.62300587  0.01126346  0.74803078  0.73296762 -1.79741156 -0.51630163
  -0.21252911  0.78349376 -0.37646821  1.25768936 -0.73923975 -1.8130542
   0.7270273  -1.29227829 -0.93417096  1.13990915  0.39724901  0.35579205
   0.14839935  0.72361434 -0.10115755 -1.50590324 -1.38850677  0.22079431
   0.58969271  1.62930179  0.39971665  0.43790126  1.27853322  0.36383927
  -1.44116008 -0.1315448  -0.02328205  1.25272942]
 [ 0.44645908  1.11512244  0.8770532  -0.65623581 -0.80152971  1.42200351
   0.66721058  1.15679634  0.58625561  0.01820396 -0.75021017  0.95912182
  -0.25788671 -0.01809104 -0.42531267 -0.1778398   0.33996376  0.41538998
   0.81359702  0.39751336  0.28032309  1.00372398 -0.21202227  0.30839819
  -1.13288355 -0.32568654 -0.07894922 -0.19932497 -0.049369   -0.77439404
   1.25535893 -0.26229045 -1.15642035 -0.09773158 -0.61493409 -0.7476365
   1.16816258  0.47743085 -0.1058127   0.35280454 -1.1580075  -0.61639774
  -0.2377744  -0.41977537 -1.09199059  0.2444704  -1.17367184 -0.05372133
  -0.87765253  0.15986252 -0.91628593 -0.95151693 -1.00929844 -0.52197868
   0.25712863  0.51955104  0.53576392  0.93785465  1.01006043  0.95007819
   1.09651244 -0.72038871  0.08164597 -1.29007041  0.50805098 -0.9078021
   0.05371824 -0.50716424 -0.54560769 -0.87392724  0.30713362  0.77358949
   0.43158638 -0.97828269  1.33004212  0.55723792 -0.70210367  0.36197326
   0.96158624  1.24374413  1.18596625 -1.36794019 -1.37345397  0.81489903
   0.08299175 -1.35722065  0.08974954  0.50288546 -0.08302288 -0.22574043
  -0.44350609 -0.95690173  0.93672502  0.09710951 -1.34212232 -0.10469171
  -0.4862704   0.40527397 -0.29306433 -0.35495713]
 [-0.28856581 -0.21102132 -0.24175818  0.33390638 -0.08984821 -0.41337103
  -0.836941   -0.81537473  0.09445732  0.35388282  0.65705806 -0.09940825
  -0.13393609 -0.68748844  0.55828661 -0.06398912 -0.81425279  0.24615698
  -0.3536002  -0.17647646  0.40834409 -0.59525824 -0.38010767 -0.44739726
   0.74555969 -0.27739409  0.28403771  0.18295018 -0.07769934  0.67356819
  -0.80433744  0.5921734   0.08169642  0.07225208 -0.18054898 -0.07006089
  -0.7551133  -0.41837373 -0.42890882 -0.82502496  0.13591361  0.73075974
   0.38935211 -0.476291    0.72443652 -0.07932627  0.5719884   0.0883515
   0.46013266 -0.7410171   0.95700276  0.22240478  0.06462685  0.04215931
  -0.58214253  0.11130593  0.09051015  0.12349476 -0.54828322 -0.4682126
  -0.73079348  0.25102493 -0.35203508  0.41733807 -0.434661   -0.08609226
  -0.28405616  0.30160809  0.03083198  0.23008762  0.5403915  -0.26251486
  -0.17567047  0.27387303 -0.64215964 -0.83488834  0.71686041  0.49684548
  -0.86910546 -0.23072223 -0.3409121   0.36674365  0.67009938 -0.63087088
  -0.10941294  0.52267742 -0.01703831  0.29004234  0.61050791  0.03749341
   0.02176219 -0.08037458 -0.71459937 -0.22216415  0.29163828 -0.07062867
   0.8708232  -0.19661672  0.19669378 -0.28471851]]
K:  3
Iter:  200
Train Assignments To Classes: [1337 2047 3283]
Train Percentage Assignment To Classes: [ 0.20053997  0.30703465  0.49242538]
Valid Assignments To Classes: [ 663  953 1717]
Valid Percentage Assignment To Classes: [ 0.19891989  0.28592859  0.51515152]
2.2.4.1
Center Values [[-0.708763   -0.74049461 -0.41140655 -0.44703096  0.41306481 -0.82033789
   0.01013254 -0.24650726 -0.8681466   0.02169537  0.31756678 -0.27280954
  -0.23834775  0.59811926 -0.01398176  0.18224552  0.5525142  -0.48605397
  -0.35225794  0.08689269 -0.90350789 -0.21070124 -0.07078224  0.68348604
   0.4820554   0.91852725 -0.5135752   0.08782958  0.47985411 -0.11830378
  -0.64387244  0.26752314  0.62445027 -0.50958598  0.17221807  1.13993967
  -0.65335459  0.55877715  0.86210138  0.17111239  1.047984    0.26829928
   0.21341416  0.81444854  0.59015286  0.06670109  0.4999938  -0.62191665
   0.39735645  0.15536942 -0.05574592  0.1471193   0.88368541  0.88058597
  -0.11876661  0.11203968 -0.99034142 -0.9918679  -0.35673466 -0.87441665
  -0.15647212  0.87355095  0.79180139  0.41875628 -0.06112789  0.40267298
  -0.53224939 -0.4790065   1.03069746 -0.10136744 -0.8062911   0.09859572
   0.26989543  0.0976816  -0.84796119 -0.09698931 -0.52454263 -0.38938886
  -0.25085244 -0.72019148 -0.20992047  0.73562264  0.24921434 -0.32399651
  -0.62281734  0.7919265  -0.77038419 -0.64277357 -0.7234906   0.84641331
   0.18142401  0.4901461   0.14230269  0.812006    0.76820183 -0.18308283
  -0.27635804 -0.59570247  0.37581787  0.93340677]
 [ 0.66025484  0.82301211 -0.6784569   0.76734281  1.28412008 -0.25746745
   0.47305068  0.01807238 -0.46735054 -1.89957416 -0.45843139 -0.94442964
  -0.92363322 -0.87497437 -1.23205125  1.43596661 -0.7538271   1.96258068
   1.33459949  1.0477438   2.04130387 -0.24345998 -0.37813133 -0.26912326
   1.46378386 -0.98700678 -0.90978754  1.34905875  1.18472695  2.23946857
  -0.51611996 -0.01328088  0.05650707  2.41487622  1.32869518 -0.08636139
   0.06146738 -1.0358125  -0.22760428 -0.66465354 -0.65359217  1.08888185
   0.91059071 -0.99361396 -0.46321926 -2.29706526  1.17758453  1.50348771
   1.40673494 -0.38937992  1.40517759  1.79996753 -0.68838185 -1.77399492
  -0.15701894  0.20964667  1.79721081  0.62924051  1.16101122 -0.41122928
   0.38206327 -0.01058003  0.14278924 -0.02128161  1.44431818  0.58614796
  -0.2444144   2.36775732  0.13101229  1.7650038   0.62676156 -1.05261505
  -2.65914798  0.05037656  0.25530723 -0.4256644   1.26058722  0.19190292
  -0.48313653  0.11398655 -0.51888746  0.52500588  0.84154713 -0.58515424
  -0.34339368  0.04078395  0.32872525 -0.75971431  0.2415556  -1.94775951
  -0.2679987   0.50696117 -0.19681758 -0.91177106  0.51861686  2.37986851
   1.25260282 -1.58320355  1.33583665 -0.69139373]
 [ 0.45105937 -0.63584179 -0.20572875  1.51787937 -0.24915655 -0.3576012
  -1.2535373  -1.25264037  1.07601321  0.84700209  0.66473013 -0.43739033
   1.36807275 -0.71572816  1.27065587 -0.73748583 -1.21412885 -0.64833707
  -1.16282618 -1.31527627  0.34117398 -0.94784391  0.6422233  -1.67517614
  -0.00868667 -0.78569114  1.55295324 -0.5562942  -1.48785484  0.27890751
  -0.32291195 -0.15780246  0.4749496  -0.01875908 -0.07002328 -1.11342561
  -0.47400302 -1.33618939 -1.48291528 -0.52784133 -0.02725623 -0.18628012
  -0.52737319 -0.46378756  0.67489439  0.63911641  0.1449196   0.56836283
  -0.2186563  -0.32583976  0.76730531  0.22500297  0.0960867  -0.07045894
  -0.02717607 -1.12042725  0.27079102  0.24011546 -1.35749972  0.53928703
  -1.50781703 -0.69374931 -1.78221977  1.11197042 -1.33529878  0.29081038
   1.12572336  0.53847891 -1.31187582  0.63740379  0.83438057 -0.85284114
   0.14296173  1.26485908 -0.40881959 -0.39785928  1.46683991  0.08509005
  -0.68537444 -0.49920177 -1.12233686  0.32976958  1.15669048 -0.2668865
   1.31244659  0.42697805  1.24730361  0.87559021  1.45586693 -0.40703759
   0.42582908  0.21400446 -1.5734061  -1.29233527  0.22035357 -0.64095181
   0.63738292  1.38096261 -0.96827322 -0.97397494]
 [ 0.44647872  1.11506581  0.87704933 -0.6562041  -0.80151486  1.42200053
   0.66721249  1.15679872  0.58625364  0.01823215 -0.7502737   0.95917845
  -0.25785318 -0.01812316 -0.42534101 -0.17784937  0.34001082  0.4153721
   0.81359774  0.39747307  0.28029755  1.00375199 -0.21202192  0.3083944
  -1.13286877 -0.32569805 -0.07896335 -0.19931066 -0.04937719 -0.77433485
   1.25536203 -0.26226726 -1.15644717 -0.09773588 -0.61504662 -0.74766356
   1.16813076  0.47743449 -0.10580685  0.3527568  -1.1580224  -0.61639708
  -0.2378011  -0.41982818 -1.09199309  0.24440394 -1.17367041 -0.05374641
  -0.87765825  0.1598531  -0.91629791 -0.95156693 -1.00934827 -0.52197367
   0.25713244  0.5195483   0.53577858  0.93786335  1.010041    0.95010602
   1.09650934 -0.72041613  0.08165112 -1.29009724  0.50802082 -0.9078353
   0.05374304 -0.50724542 -0.54561239 -0.87390506  0.30714086  0.77358007
   0.43153906 -0.97833341  1.3300426   0.55726111 -0.70210212  0.36196795
   0.96155238  1.24369311  1.1859771  -1.36790574 -1.37347746  0.81489515
   0.08299897 -1.3571676   0.08981121  0.50288743 -0.08302746 -0.22575571
  -0.44356114 -0.95685858  0.93676406  0.09712865 -1.34212637 -0.10468779
  -0.48624024  0.40530103 -0.29307926 -0.35490507]]
K:  4
Iter:  200
Train Assignments To Classes: [2649  663 1308 2047]
Train Percentage Assignment To Classes: [ 0.39733013  0.09944503  0.19619019  0.30703465]
Valid Assignments To Classes: [1351  337  692  953]
Valid Percentage Assignment To Classes: [ 0.40534053  0.10111011  0.20762076  0.28592859]
2.2.4.1
Center Values [[ 0.26761705 -0.50450957 -0.73231244  0.36109665  1.38302529 -0.81250101
   0.88112414  0.20479494 -0.91103113 -1.25768471 -0.52715319 -1.11049342
   0.18656708  0.87251502 -0.92076546  0.81613451  0.77452707 -0.17057326
   0.23815396  0.23920515 -0.2904633  -0.08331762  0.69942278  0.36571318
   0.37946662  0.50376189 -0.73401147  0.34661606  0.57553482  0.40467262
  -0.08592713 -0.72976995  1.04117727  0.79533082  1.35952199  0.8392874
   0.10506297 -0.13370192  0.7251209   0.79517001  0.71386695 -0.24404038
  -0.09761739  0.89846718 -0.27320489 -0.88644761  0.59882706  0.39960632
   0.56066436  0.95090455 -0.21119949  1.17030001  0.67089117 -0.1252318
   0.6764468  -0.62808537 -0.09168866 -0.94223428  0.30954647 -0.30963609
   0.25959998  0.28421238  0.55575633  0.58256888  0.71683747  1.25344193
   0.33545762  0.79255486  0.54347599  1.07506108 -0.99377233 -0.69408023
  -1.02355516  0.54048914 -0.16697262  0.69967306 -0.07624026 -1.14844036
   0.32583269 -0.82609069 -0.79650903  0.93614548  0.54448408  0.04385465
  -0.01460631  0.49728531  0.04133279 -1.25852787 -0.84814835 -0.49809998
   0.30540675  1.25725508  0.20195979 -0.00947049  1.0266881   1.03208256
  -0.54820615 -0.61280525  0.42726344  0.6082592 ]
 [-1.50526714 -0.31009424 -0.05705628 -1.06531715 -0.62528276 -0.54777914
  -1.08361614 -0.80074334 -0.60022157  1.00111687  1.21314216  0.66464627
  -1.2323314  -0.56457669  0.75275648 -0.15048945 -0.44602636  0.27048451
  -0.39993426  0.34023151 -0.34999058 -0.42149541 -1.40028369  0.68652225
   1.13452482  0.58785516 -0.377767    0.33067974  0.69016165  0.27583253
  -1.42991316  1.64594233 -0.29778904 -1.02090299 -1.05341733  0.97839534
  -1.44821846  0.80859953  0.52024513 -1.20244598  0.69751287  1.46403873
   1.03994048 -0.2272502   1.37389898  0.3251203   0.69175369 -1.10520864
   0.6585623  -1.33258712  0.91945767 -0.57726133  0.41364288  1.07224631
  -1.3503046   1.28962159 -0.95160425 -0.24831623 -0.60532856 -1.50149584
  -0.5185234   1.32516956  0.82366318 -0.0534877  -0.48627815 -0.80151159
  -1.70961094 -0.97869247  1.3187896  -0.95167029  0.20363562  0.7251702
   0.76157397 -0.60122126 -1.32832575 -1.47743058 -0.30574352  1.06137729
  -1.24726927 -0.13731401  0.52809024  0.32363319  0.09836961 -1.01676321
  -1.40872478  0.86161071 -1.45235109  0.23672448 -0.04581886  1.48393703
  -0.23463255 -0.67072386 -0.1200054   1.19326782  0.24802089 -0.74033231
   0.91066253 -1.06865203  0.78251928  0.60793591]
 [ 0.9806428  -1.18121541 -0.69134378  0.459723    0.19562781 -0.71585411
  -0.24553905 -0.43635091  1.69689882  0.88658851 -0.29430187 -0.00883452
   1.46442902 -0.24609588  2.03904319 -1.13934851 -1.77707434  0.21703811
  -0.86644781 -0.81095123 -0.22417881 -0.12880769  1.12927008 -2.15099931
   0.58333158 -1.431741    1.47783756  0.06632718 -1.32271206  0.56594276
  -0.75083423 -0.7009604  -0.49135622 -0.26500523 -0.04825513 -1.46758533
   0.52983952 -1.63635874 -1.48858511 -0.85548866  0.35545066  0.00392466
  -0.16345568 -0.78966486 -0.27445266  1.18729794 -0.74153405  0.74023098
  -0.7709415   0.3624039   1.11595154 -0.18209872 -0.79045802  0.42770794
  -0.11771333 -1.3223654   0.92080849 -0.16799228 -1.72249281  1.07884359
  -1.48465121 -0.71433055 -1.57907569  1.18289781 -1.03954804  0.31475714
   1.49415159 -0.25318861 -1.9825604   1.02421093  1.1900692  -0.61382651
  -0.18558142  0.51912975 -0.58997726  0.13685495  1.81528473 -0.34343177
  -0.52198994  0.4916527  -1.44648647  0.01801606  0.87452185  0.53172386
   1.11195016  0.89187425  2.1167953   0.45077559  1.39353168 -0.57110733
  -0.32355031 -0.46528679 -1.84001911 -1.91748214 -0.73436511 -0.5572589
  -0.08713493  1.74516797 -1.65134597 -1.80985713]
 [ 0.44647324  1.11504745  0.87706524 -0.65623641 -0.80151713  1.42201531
   0.66720551  1.15678298  0.58628714  0.01823627 -0.75024086  0.95914388
  -0.25784391 -0.01812031 -0.42535535 -0.17781287  0.33996454  0.41538033
   0.81361341  0.39751875  0.28030488  1.00375104 -0.21199638  0.30840042
  -1.1328733  -0.32569176 -0.07895458 -0.19928284 -0.04938701 -0.77437007
   1.25538325 -0.26227325 -1.15638232 -0.09773297 -0.61497706 -0.74768138
   1.16811049  0.47743902 -0.10580091  0.35278496 -1.15798509 -0.61638868
  -0.23779643 -0.41987389 -1.09197545  0.24437623 -1.17369509 -0.05374847
  -0.87766099  0.15985455 -0.91621941 -0.95152086 -1.0092212  -0.52196896
   0.2571637   0.51956242  0.53577137  0.9378528   1.01000834  0.9501068
   1.0965004  -0.72037899  0.0816509  -1.29009271  0.50803411 -0.9078607
   0.05372754 -0.50718933 -0.54563135 -0.87386525  0.30712932  0.77358818
   0.43153876 -0.97829866  1.33002126  0.55726844 -0.70215321  0.36196211
   0.96155584  1.24381757  1.18597591 -1.36788356 -1.37345302  0.81493586
   0.08299036 -1.35724151  0.08979167  0.50288224 -0.08302615 -0.22575898
  -0.44356239 -0.95696127  0.93670762  0.09710103 -1.34205043 -0.10469417
  -0.48623708  0.40531343 -0.29310012 -0.35491958]
 [ 0.45094967 -0.63584805 -0.20573732  1.51772237 -0.24916682 -0.35760787
  -1.25353777 -1.25259137  1.07602751  0.8469981   0.66465467 -0.43740568
   1.36803138 -0.71574771  1.27066469 -0.73748547 -1.21419525 -0.64825505
  -1.16281116 -1.31531882  0.34123051 -0.94789869  0.64223278 -1.67514181
  -0.00869051 -0.78568047  1.55295217 -0.55629987 -1.4877907   0.2789135
  -0.32293019 -0.15776767  0.47491926 -0.01874105 -0.07000477 -1.11341679
  -0.47404107 -1.33614957 -1.48281872 -0.52779901 -0.02726357 -0.18627985
  -0.52738363 -0.46376482  0.6748839   0.63909346  0.14491053  0.56837374
  -0.21864896 -0.325845    0.76728916  0.22500068  0.09612376 -0.07045256
  -0.02716245 -1.12039888  0.27078682  0.24011424 -1.35748208  0.53930771
  -1.50782883 -0.69373655 -1.78221762  1.11193836 -1.33532023  0.29084474
   1.12582433  0.5384739  -1.31194472  0.63744569  0.83443493 -0.85280257
   0.14294913  1.26487029 -0.40879741 -0.39789319  1.46680558  0.08516318
  -0.68538475 -0.49922022 -1.12231314  0.32972082  1.15670717 -0.26687151
   1.312374    0.42699617  1.24728251  0.87567037  1.45590413 -0.40708297
   0.42584667  0.21399777 -1.57345784 -1.29243135  0.22031897 -0.6409508
   0.63738191  1.38099623 -0.96828067 -0.97391725]]
K:  5
Iter:  200
Train Assignments To Classes: [2000 1312    0 2047 1308]
Train Percentage Assignment To Classes: [ 0.299985    0.19679016  0.          0.30703465  0.19619019]
Valid Assignments To Classes: [1000  688    0  953  692]
Valid Percentage Assignment To Classes: [ 0.30003     0.20642064  0.          0.28592859  0.20762076]
2.2.4.1
