2.2.4.2
mean [[ -4.32709503e+00  -3.03605723e+00  -1.30251300e+00  -5.71162224e-01
   -4.52232075e+00   1.36287379e+00  -4.85391140e-01  -1.40062058e+00
   -3.66058683e+00   9.36557055e-02  -3.26629341e-01  -2.22174335e+00
   -1.30534470e+00  -2.14684391e+00  -2.93297958e+00  -2.24629116e+00
   -4.72578192e+00  -3.79951501e+00   1.37869000e-01  -1.61351204e+00
   -4.02676392e+00  -1.34187055e+00  -4.86557245e+00  -1.72965980e+00
    8.13412666e-03  -2.32489586e+00  -1.31415582e+00  -8.15948725e-01
   -1.93234777e+00   1.40141344e+00  -8.04016948e-01   6.05270863e-02
   -3.86064112e-01   1.95778966e-01  -2.28577852e+00  -4.75076079e-01
    2.19869208e+00  -1.79943585e+00  -4.42896545e-01   1.08063030e+00
   -1.24271798e+00  -2.80655146e+00   2.21181154e+00  -1.83976293e+00
   -2.53565598e+00  -3.05749631e+00   1.63087845e-02   2.08717442e+00
   -7.90235579e-01  -1.27498209e-01  -4.47364426e+00  -3.16862893e+00
   -3.27425814e+00   3.86386871e-01  -5.90017438e-02  -3.33874285e-01
    1.71623230e-02  -3.83102727e+00  -3.28173113e+00  -3.51153779e+00
    1.92374969e+00   6.53938532e-01   9.24888730e-01   6.61386251e-01
    2.21589422e+00  -1.87097549e+00  -1.86012673e+00  -2.41243005e+00
    5.98003626e-01  -2.95663977e+00  -3.97624207e+00  -1.43844104e+00
   -4.78792429e+00   4.42921281e-01  -1.84644961e+00  -2.98185205e+00
    1.04635596e-01   1.01200008e+00  -4.32886541e-01  -4.59385586e+00
   -1.09871137e+00   7.17033982e-01  -4.93512726e+00  -2.75333357e+00
   -4.35378194e-01   2.70999503e+00   1.34393358e+00  -1.33099127e+00
    2.64709187e+00  -1.24906576e+00   1.19015694e+00  -3.28266907e+00
   -4.27418292e-01   1.89886975e+00  -5.02793610e-01  -2.31682944e+00
   -2.36289501e+00  -4.79702663e+00   1.72816944e+00  -4.33079576e+00]
 [  9.80268605e-03   5.17156441e-03   2.66338512e-03  -7.34519633e-03
   -3.13688861e-03   1.49096670e-02   9.99877416e-03   2.27189288e-02
   -3.04068497e-04  -8.51388741e-03  -2.07899772e-02   5.45647647e-03
    3.10556358e-03   3.75836622e-03  -1.41203403e-02   1.59197822e-02
    1.07369330e-02   3.24965129e-03   8.32174346e-03   2.71307211e-03
   -2.92336405e-03   1.42871002e-02  -2.57666898e-03   1.14366850e-02
   -1.26209203e-02   1.26757482e-02  -1.40882656e-02  -1.85548537e-03
    1.54852611e-03  -5.97051019e-03   1.45187890e-02  -8.70830007e-03
   -8.40516295e-03  -7.19324686e-04  -1.10161863e-03  -3.66227166e-03
    1.21858027e-02   3.03450436e-03  -3.50828213e-03   7.67176179e-03
   -1.02034928e-02  -1.09070083e-02  -1.11929083e-03   4.91094962e-03
   -1.44612910e-02  -2.08585197e-03  -1.50897643e-02  -2.61516147e-03
   -1.45765776e-02   1.05492696e-02  -1.32035604e-02  -1.31447893e-02
   -7.75162270e-03  -6.32159936e-04   1.08025875e-02  -3.93855572e-03
    2.85424967e-03   2.88691279e-03   1.78789124e-02   9.18425992e-03
    1.67827718e-02  -6.42841915e-03   4.24569799e-03  -1.55111523e-02
    1.70145836e-02  -2.37027789e-03   4.05603740e-03  -4.93878499e-03
   -2.35339417e-03  -1.16905924e-02   1.17597810e-04   4.70731454e-03
    1.05169602e-03  -7.12070847e-03   1.94652397e-02   1.21852858e-02
   -1.04226461e-02  -7.81494193e-03   1.32833570e-02   9.26368590e-03
    8.92945472e-03  -1.08147021e-02  -1.21075986e-02   1.08948704e-02
   -9.88214277e-04  -1.42278196e-02  -2.22591031e-03  -4.66220453e-03
   -4.87708906e-03  -8.07838701e-03  -6.78999210e-03  -6.64778007e-03
    1.58670004e-02   1.36193065e-02  -1.21576926e-02   6.03306200e-03
   -9.48896445e-03   1.23836542e-03   2.20806757e-03   1.31766661e-03]]
K:  2
Iter:  1000
Train Assignments To Classes: [   0 6667]
Train Percentage Assignment To Classes: [ 0.  1.]
Valid Assignments To Classes: [   0 3333]
Valid Percentage Assignment To Classes: [ 0.  1.]
prior [[  1.73426088e-05   9.99982834e-01]]
prior.shape (1, 2)
prior Sum 1.0
stdDeviation [[ 0.93109715  0.99883145]]
stdDeviationShape (1, 2)
Lowest TrainLoss 945225.0
Lowest ValidLoss 473754.0
